1 9995
2 10083
3 9961
4 9915
5 10133
6 10022
7 9978
8 10093
9 10139
10 10008
11 9890
12 9927
13 9840
14 10191
15 9899
16 9838
17 9994
18 9939
19 10076
20 10141
21 9836
22 9889
23 9854
24 9823
25 9915
26 10116
27 9932
28 9970
29 9859
30 10108
31 10094
32 9912
33 10067
34 10059
35 9833
36 9896
37 10134
38 9990
39 9948
40 9915
41 10087
42 10144
43 9942
44 10097
45 10002
46 10113
47 9984
48 9870
49 10001
50 9848
51 9970
52 10176
53 9977
54 9967
55 10011
56 10034
57 10032
58 9917
59 9956
60 9898
61 9993
62 10073
63 10097
64 9959
65 10021
66 9934
67 10025
68 10064
69 9896
70 10016
71 9969
72 9992
73 9981
74 10077
75 9978
76 9934
77 10172
78 10079
79 9934
80 10115
81 10016
82 9883
83 10014
84 9970
85 10273
86 10027
87 9923
88 10145
89 9962
90 9864
91 10161
92 10120
93 10036
94 9884
95 9970
96 10063
97 10105
98 9945
99 10054
100 10038
