1 3271
2 3324
3 3305
4 3296
5 3389
6 3376
7 3313
8 3384
9 3368
10 3404
11 3455
12 3370
13 3478
14 3402
15 3332
16 3322
17 3250
18 3276
19 3463
20 3308
21 3385
22 3358
23 3261
24 3263
25 3351
26 3314
27 3302
28 3340
29 3343
30 3225
31 3245
32 3460
33 3348
34 3246
35 3309
36 3348
37 3367
38 3276
39 3378
40 3344
41 3263
42 3268
43 3330
44 3310
45 3382
46 3409
47 3324
48 3381
49 3337
50 3368
51 3434
52 3321
53 3232
54 3332
55 3415
56 3280
57 3369
58 3343
59 3300
60 3320
61 3240
62 3235
63 3366
64 3290
65 3447
66 3406
67 3241
68 3328
69 3343
70 3268
71 3373
72 3307
73 3231
74 3355
75 3369
76 3349
77 3464
78 3351
79 3374
80 3442
81 3308
82 3306
83 3368
84 3370
85 3359
86 3331
87 3367
88 3313
89 3356
90 3317
91 3388
92 3342
93 3350
94 3401
95 3373
96 3288
97 3316
98 3271
99 3274
100 3316
101 3264
102 3308
103 3296
104 3375
105 3316
106 3313
107 3189
108 3384
109 3250
110 3333
111 3293
112 3365
113 3324
114 3287
115 3360
116 3300
117 3329
118 3368
119 3255
120 3331
