1   0.000000
101   5050.000000
201   20100.000000
301   45150.000000
401   80200.000000
501   125250.000000
601   180300.000000
701   245350.000000
801   320400.000000
901   405450.000000
1001   500500.000000
1101   605550.000000
1201   720600.000000
1301   845650.000000
1401   980700.000000
1501   1125750.000000
1601   1280800.000000
1701   1445850.000000
1801   1620900.000000
1901   1805950.000000
2001   2001000.000000
2101   2206050.000000
2201   2421100.000000
2301   2646150.000000
2401   2881200.000000
2501   3126250.000000
2601   3381300.000000
2701   3646350.000000
2801   3921400.000000
2901   4206450.000000
3001   4501500.000000
3101   4806550.000000
3201   5121600.000000
3301   5446650.000000
3401   5781700.000000
3501   6126750.000000
3601   6481800.000000
3701   6846850.000000
3801   7221900.000000
3901   7606950.000000
4001   8002000.000000
4101   8407050.000000
4201   8822100.000000
4301   9247150.000000
4401   9682200.000000
4501   10127250.000000
4601   10582300.000000
4701   11047350.000000
4801   11522400.000000
4901   12007450.000000
5001   12502500.000000
5101   13007550.000000
5201   13522600.000000
5301   14047650.000000
5401   14582700.000000
5501   15127750.000000
5601   15682800.000000
5701   16247850.000000
5801   16822900.000000
5901   17407950.000000
6001   18003000.000000
6101   18608050.000000
6201   19223100.000000
6301   19848150.000000
6401   20483200.000000
6501   21128250.000000
6601   -21166372.960000
6701   -20501322.960000
6801   -19826272.960000
6901   -19141222.960000
7001   -18446172.960000
7101   -17741122.960000
7201   -17026072.960000
7301   -16301022.960000
7401   -15565972.960000
7501   -14820922.960000
7601   -14065872.960000
7701   -13300822.960000
7801   -12525772.960000
7901   -11740722.960000
8001   -10945672.960000
8101   -10140622.960000
8201   -9325572.960000
8301   -8500522.960000
8401   -7665472.960000
8501   -6820422.960000
8601   -5965372.960000
8701   -5100322.960000
8801   -4225272.960000
8901   -3340222.960000
9001   -2445172.960000
9101   -1540122.960000
9201   -625072.960000
9301   299977.040000
9401   1235027.040000
9501   2180077.040000
9601   3135127.040000
9701   4100177.040000
9801   5075227.040000
9901   6060277.040000
