1    0.000000    
11    0.000000    
21    0.000000    
31    0.000000    
41    0.000000    
51    0.000000    
61    0.000000    
71    0.000000    
81    0.000000    
91    0.000000    
101    0.000000    
111    0.000000    
121    0.000000    
131    0.000000    
141    156.250000    
151    0.000000    
161    0.000000    
171    0.000000    
181    0.000000    
191    0.000000    
201    156.250000    
211    0.000000    
221    0.000000    
231    156.250000    
241    0.000000    
251    0.000000    
261    156.250000    
271    0.000000    
281    0.000000    
291    156.250000    
301    0.000000    
311    156.250000    
321    0.000000    
331    156.250000    
341    0.000000    
351    0.000000    
361    156.250000    
371    0.000000    
381    156.250000    
391    156.250000    
401    156.250000    
411    0.000000    
421    0.000000    
431    156.250000    
441    156.250000    
451    156.250000    
461    156.250000    
471    156.250000    
481    156.250000    
491    312.500000    
501    156.250000    
511    156.250000    
521    156.250000    
531    312.500000    
541    156.250000    
551    312.500000    
561    156.250000    
571    312.500000    
581    156.250000    
591    312.500000    
601    312.500000    
611    156.250000    
621    156.250000    
631    312.500000    
641    312.500000    
651    312.500000    
661    312.500000    
671    312.500000    
681    312.500000    
691    312.500000    
701    312.500000    
711    468.750000    
721    312.500000    
731    468.750000    
741    468.750000    
751    312.500000    
761    468.750000    
771    468.750000    
781    468.750000    
791    468.750000    
801    468.750000    
811    468.750000    
821    468.750000    
831    468.750000    
841    468.750000    
851    468.750000    
861    625.000000    
871    468.750000    
881    625.000000    
891    468.750000    
901    625.000000    
911    625.000000    
921    625.000000    
931    625.000000    
941    625.000000    
951    625.000000    
961    781.250000    
971    625.000000    
981    625.000000    
991    781.250000    
1001    625.000000    
1011    625.000000    
1021    781.250000    
1031    781.250000    
1041    781.250000    
1051    781.250000    
1061    781.250000    
1071    937.500000    
1081    781.250000    
1091    781.250000    
1101    781.250000    
1111    937.500000    
1121    937.500000    
1131    937.500000    
1141    937.500000    
1151    937.500000    
1161    1093.750000    
1171    1093.750000    
1181    937.500000    
1191    1093.750000    
1201    1093.750000    
1211    937.500000    
1221    1093.750000    
1231    1093.750000    
1241    1093.750000    
1251    937.500000    
1261    1093.750000    
1271    1250.000000    
1281    1406.250000    
1291    1093.750000    
1301    1093.750000    
1311    1250.000000    
1321    1250.000000    
1331    1406.250000    
1341    1250.000000    
1351    1250.000000    
1361    1406.250000    
1371    1250.000000    
1381    1406.250000    
1391    1406.250000    
1401    1406.250000    
1411    1406.250000    
1421    1406.250000    
1431    1562.500000    
1441    1406.250000    
1451    1875.000000    
1461    1562.500000    
1471    1562.500000    
1481    1718.750000    
1491    1562.500000    
1501    1875.000000    
1511    1562.500000    
1521    1718.750000    
1531    1718.750000    
1541    1718.750000    
1551    1562.500000    
1561    1562.500000    
1571    1875.000000    
1581    1718.750000    
1591    1875.000000    
1601    1875.000000    
1611    1875.000000    
1621    1875.000000    
1631    1875.000000    
1641    1875.000000    
1651    1875.000000    
1661    1875.000000    
1671    1875.000000    
1681    2187.500000    
1691    2187.500000    
1701    1875.000000    
1711    2031.250000    
1721    2031.250000    
1731    2187.500000    
1741    2031.250000    
1751    2031.250000    
1761    2187.500000    
1771    2187.500000    
1781    2187.500000    
1791    2031.250000    
1801    2343.750000    
1811    2187.500000    
1821    2343.750000    
1831    2343.750000    
1841    2500.000000    
1851    2343.750000    
1861    2500.000000    
1871    2500.000000    
1881    2500.000000    
1891    2656.250000    
1901    2500.000000    
1911    2812.500000    
1921    2500.000000    
1931    2656.250000    
1941    2500.000000    
1951    2500.000000    
1961    2500.000000    
1971    2656.250000    
1981    2656.250000    
1991    2812.500000    
2001    2812.500000    
2011    2656.250000    
2021    2968.750000    
2031    2812.500000    
2041    2968.750000    
2051    2812.500000    
2061    2968.750000    
2071    2968.750000    
2081    2968.750000    
2091    2968.750000    
2101    3125.000000    
2111    3125.000000    
2121    3125.000000    
2131    3125.000000    
2141    3125.000000    
2151    3281.250000    
2161    3125.000000    
2171    3281.250000    
2181    3125.000000    
2191    3437.500000    
2201    3281.250000    
2211    3281.250000    
2221    3437.500000    
2231    3437.500000    
2241    3593.750000    
2251    3437.500000    
2261    3593.750000    
2271    3437.500000    
2281    3750.000000    
2291    3593.750000    
2301    3750.000000    
2311    3593.750000    
2321    3906.250000    
2331    4218.750000    
2341    3906.250000    
2351    3906.250000    
2361    3906.250000    
2371    3750.000000    
2381    3750.000000    
2391    4062.500000    
2401    3906.250000    
2411    4062.500000    
2421    4531.250000    
2431    3906.250000    
2441    4062.500000    
2451    4062.500000    
2461    4062.500000    
2471    4062.500000    
2481    4218.750000    
2491    4218.750000    
2501    4843.750000    
2511    4375.000000    
2521    4531.250000    
2531    4375.000000    
2541    4843.750000    
2551    4687.500000    
2561    4843.750000    
2571    4687.500000    
2581    4531.250000    
2591    5000.000000    
2601    4687.500000    
2611    5000.000000    
2621    5156.250000    
2631    4687.500000    
2641    4843.750000    
2651    4843.750000    
2661    4843.750000    
2671    4843.750000    
2681    4687.500000    
2691    4843.750000    
2701    5000.000000    
2711    5000.000000    
2721    5156.250000    
2731    5156.250000    
2741    5000.000000    
2751    5156.250000    
2761    5156.250000    
2771    5156.250000    
2781    5312.500000    
2791    5312.500000    
2801    5625.000000    
2811    6093.750000    
2821    5468.750000    
2831    5468.750000    
2841    5781.250000    
2851    5781.250000    
2861    5625.000000    
2871    5625.000000    
2881    5937.500000    
2891    5937.500000    
2901    5625.000000    
2911    6093.750000    
2921    5781.250000    
2931    6093.750000    
2941    5937.500000    
2951    5937.500000    
2961    6093.750000    
2971    5937.500000    
2981    5937.500000    
2991    6250.000000    
3001    6093.750000    
3011    6250.000000    
3021    6250.000000    
3031    6250.000000    
3041    6562.500000    
3051    6406.250000    
3061    6562.500000    
3071    6406.250000    
3081    6718.750000    
3091    6718.750000    
3101    6875.000000    
3111    6562.500000    
3121    6718.750000    
3131    6875.000000    
3141    6875.000000    
3151    7187.500000    
3161    6562.500000    
3171    6718.750000    
3181    7343.750000    
3191    6875.000000    
3201    7031.250000    
3211    7187.500000    
3221    7187.500000    
3231    7343.750000    
3241    7031.250000    
3251    7343.750000    
3261    7187.500000    
3271    7656.250000    
3281    7812.500000    
3291    7968.750000    
3301    8281.250000    
3311    7500.000000    
3321    7500.000000    
3331    7656.250000    
3341    8125.000000    
3351    7656.250000    
3361    7500.000000    
3371    7968.750000    
3381    7812.500000    
3391    7968.750000    
3401    8125.000000    
3411    8593.750000    
3421    8281.250000    
3431    7968.750000    
3441    8125.000000    
3451    8437.500000    
3461    8125.000000    
3471    8125.000000    
3481    8593.750000    
3491    8281.250000    
3501    8281.250000    
3511    8750.000000    
3521    8593.750000    
3531    8593.750000    
3541    8437.500000    
3551    8593.750000    
3561    8750.000000    
3571    8593.750000    
3581    8593.750000    
3591    8906.250000    
3601    9218.750000    
3611    8750.000000    
3621    8750.000000    
3631    9375.000000    
3641    9062.500000    
3651    9531.250000    
3661    9062.500000    
3671    9062.500000    
3681    9375.000000    
3691    9375.000000    
3701    9218.750000    
3711    9218.750000    
3721    9218.750000    
3731    9531.250000    
3741    9843.750000    
3751    9531.250000    
3761    9375.000000    
3771    9687.500000    
3781    9687.500000    
3791    9687.500000    
3801    9531.250000    
3811    9843.750000    
3821    9531.250000    
3831    9843.750000    
3841    9843.750000    
3851    10000.000000    
3861    10000.000000    
3871    10156.250000    
3881    10000.000000    
3891    10312.500000    
3901    10156.250000    
3911    10468.750000    
3921    10468.750000    
3931    10468.750000    
3941    10625.000000    
3951    10625.000000    
3961    10625.000000    
3971    10625.000000    
3981    10468.750000    
3991    10937.500000    
4001    10781.250000    
4011    10781.250000    
4021    10781.250000    
4031    10937.500000    
4041    11093.750000    
4051    11093.750000    
4061    11250.000000    
4071    10937.500000    
4081    11406.250000    
4091    11718.750000    
4101    11406.250000    
4111    11250.000000    
4121    11562.500000    
4131    11562.500000    
4141    11406.250000    
4151    11718.750000    
4161    11718.750000    
4171    11718.750000    
4181    11875.000000    
4191    11718.750000    
4201    12187.500000    
4211    12031.250000    
4221    11875.000000    
4231    12187.500000    
4241    12187.500000    
4251    12031.250000    
4261    12343.750000    
4271    12187.500000    
4281    12500.000000    
4291    12343.750000    
4301    12500.000000    
4311    12500.000000    
4321    12656.250000    
4331    12343.750000    
4341    12812.500000    
4351    12656.250000    
4361    12812.500000    
4371    13125.000000    
4381    12968.750000    
4391    12812.500000    
4401    12812.500000    
4411    13125.000000    
4421    12968.750000    
4431    13281.250000    
4441    13437.500000    
4451    13437.500000    
4461    13593.750000    
4471    13593.750000    
4481    13281.250000    
4491    13750.000000    
4501    13593.750000    
4511    13906.250000    
4521    13750.000000    
4531    14375.000000    
4541    13750.000000    
4551    13750.000000    
4561    14375.000000    
4571    13750.000000    
4581    14062.500000    
4591    14375.000000    
4601    14218.750000    
4611    14062.500000    
4621    14218.750000    
4631    15000.000000    
4641    14218.750000    
4651    15312.500000    
4661    14843.750000    
4671    14687.500000    
4681    14687.500000    
4691    15000.000000    
4701    14843.750000    
4711    14843.750000    
4721    15156.250000    
4731    14843.750000    
4741    15156.250000    
4751    15000.000000    
4761    14843.750000    
4771    15312.500000    
4781    15156.250000    
4791    15468.750000    
4801    15156.250000    
4811    15468.750000    
4821    15781.250000    
4831    15781.250000    
4841    15937.500000    
4851    15468.750000    
4861    15625.000000    
4871    15625.000000    
4881    16250.000000    
4891    16093.750000    
4901    15937.500000    
4911    15937.500000    
4921    16250.000000    
4931    16250.000000    
4941    16406.250000    
4951    16406.250000    
4961    16562.500000    
4971    16406.250000    
4981    16718.750000    
4991    16875.000000    
5001    16718.750000    
5011    16875.000000    
5021    17031.250000    
5031    17031.250000    
5041    17656.250000    
5051    17031.250000    
5061    16875.000000    
5071    17656.250000    
5081    17343.750000    
5091    17343.750000    
5101    17500.000000    
5111    17968.750000    
5121    17343.750000    
5131    17656.250000    
5141    17656.250000    
5151    18125.000000    
5161    17812.500000    
5171    17812.500000    
5181    17968.750000    
5191    18593.750000    
5201    17656.250000    
5211    18281.250000    
5221    18281.250000    
5231    18437.500000    
5241    18281.250000    
5251    18437.500000    
5261    18437.500000    
5271    18593.750000    
5281    18593.750000    
5291    18750.000000    
5301    18906.250000    
5311    18906.250000    
5321    18906.250000    
5331    18750.000000    
5341    19687.500000    
5351    19531.250000    
5361    19531.250000    
5371    19375.000000    
5381    19531.250000    
5391    19531.250000    
5401    19531.250000    
5411    19375.000000    
5421    19687.500000    
5431    19687.500000    
5441    20000.000000    
5451    19843.750000    
5461    20468.750000    
5471    19843.750000    
5481    20000.000000    
5491    20312.500000    
5501    20000.000000    
5511    20625.000000    
5521    20468.750000    
5531    20625.000000    
5541    20625.000000    
5551    20625.000000    
5561    20937.500000    
5571    20781.250000    
5581    21562.500000    
5591    20937.500000    
5601    21250.000000    
5611    21250.000000    
5621    21406.250000    
5631    21406.250000    
5641    21562.500000    
5651    21406.250000    
5661    21406.250000    
5671    21562.500000    
5681    21562.500000    
5691    22187.500000    
5701    21718.750000    
5711    21875.000000    
5721    22031.250000    
5731    22031.250000    
5741    22031.250000    
5751    21875.000000    
5761    22500.000000    
5771    22500.000000    
5781    22656.250000    
5791    22812.500000    
5801    22500.000000    
5811    22656.250000    
5821    22656.250000    
5831    23281.250000    
5841    22656.250000    
5851    22968.750000    
5861    23281.250000    
5871    23281.250000    
5881    23437.500000    
5891    23593.750000    
5901    23593.750000    
5911    23593.750000    
5921    23750.000000    
5931    23593.750000    
5941    24218.750000    
5951    24062.500000    
5961    23906.250000    
5971    24375.000000    
5981    23750.000000    
5991    23593.750000    
6001    23906.250000    
6011    23906.250000    
6021    23750.000000    
6031    24062.500000    
6041    24687.500000    
6051    24375.000000    
6061    24687.500000    
6071    24531.250000    
6081    24843.750000    
6091    25156.250000    
6101    25156.250000    
6111    25156.250000    
6121    25156.250000    
6131    25468.750000    
6141    25156.250000    
6151    25937.500000    
6161    25781.250000    
6171    25468.750000    
6181    25625.000000    
6191    26093.750000    
6201    25625.000000    
6211    26093.750000    
6221    25625.000000    
6231    25781.250000    
6241    25937.500000    
6251    26250.000000    
6261    26093.750000    
6271    26562.500000    
6281    26250.000000    
6291    26718.750000    
6301    26562.500000    
6311    27031.250000    
6321    26718.750000    
6331    26718.750000    
6341    27187.500000    
6351    27343.750000    
6361    27812.500000    
6371    26875.000000    
6381    27343.750000    
6391    28750.000000    
6401    28125.000000    
6411    27812.500000    
6421    27343.750000    
6431    27500.000000    
6441    28125.000000    
6451    28750.000000    
6461    28437.500000    
6471    28281.250000    
6481    28906.250000    
6491    28906.250000    
6501    28281.250000    
6511    27968.750000    
6521    28437.500000    
6531    28437.500000    
6541    28593.750000    
6551    28437.500000    
6561    29375.000000    
6571    29062.500000    
6581    29531.250000    
6591    28437.500000    
6601    28906.250000    
6611    28906.250000    
6621    29218.750000    
6631    29531.250000    
6641    29375.000000    
6651    29375.000000    
6661    29843.750000    
6671    29843.750000    
6681    30000.000000    
6691    30468.750000    
6701    30625.000000    
6711    30781.250000    
6721    30781.250000    
6731    30625.000000    
6741    30312.500000    
6751    30625.000000    
6761    30625.000000    
6771    30625.000000    
6781    30937.500000    
6791    30468.750000    
6801    31093.750000    
6811    30937.500000    
6821    30625.000000    
6831    30937.500000    
6841    30937.500000    
6851    30937.500000    
6861    30937.500000    
6871    31093.750000    
6881    31562.500000    
6891    31406.250000    
6901    31250.000000    
6911    31562.500000    
6921    31562.500000    
6931    32031.250000    
6941    32031.250000    
6951    32031.250000    
6961    32343.750000    
6971    32968.750000    
6981    32343.750000    
6991    32343.750000    
7001    32500.000000    
7011    32500.000000    
7021    32187.500000    
7031    32656.250000    
7041    32500.000000    
7051    32812.500000    
7061    33125.000000    
7071    33125.000000    
7081    33281.250000    
7091    33593.750000    
7101    33437.500000    
7111    33593.750000    
7121    33437.500000    
7131    33750.000000    
7141    33750.000000    
7151    34687.500000    
7161    33750.000000    
7171    34218.750000    
7181    34218.750000    
7191    34218.750000    
7201    34531.250000    
7211    34218.750000    
7221    34375.000000    
7231    34687.500000    
7241    34843.750000    
7251    35000.000000    
7261    34843.750000    
7271    35000.000000    
7281    35312.500000    
7291    35000.000000    
7301    35156.250000    
7311    35781.250000    
7321    36250.000000    
7331    35781.250000    
7341    35468.750000    
7351    35781.250000    
7361    35937.500000    
7371    35937.500000    
7381    36093.750000    
7391    36562.500000    
7401    36406.250000    
7411    36250.000000    
7421    36718.750000    
7431    36562.500000    
7441    36250.000000    
7451    38281.250000    
7461    41093.750000    
7471    41875.000000    
7481    38906.250000    
7491    37031.250000    
7501    37500.000000    
7511    37656.250000    
7521    37968.750000    
7531    38281.250000    
7541    37812.500000    
7551    37968.750000    
7561    37656.250000    
7571    38750.000000    
7581    38125.000000    
7591    37968.750000    
7601    38281.250000    
7611    38437.500000    
7621    39687.500000    
7631    38593.750000    
7641    38906.250000    
7651    39062.500000    
7661    38906.250000    
7671    39062.500000    
7681    39218.750000    
7691    39375.000000    
7701    39375.000000    
7711    38906.250000    
7721    39843.750000    
7731    42656.250000    
7741    40312.500000    
7751    39843.750000    
7761    39531.250000    
7771    40312.500000    
7781    40000.000000    
7791    40312.500000    
7801    40468.750000    
7811    40156.250000    
7821    40781.250000    
7831    40625.000000    
7841    40937.500000    
7851    40781.250000    
7861    41250.000000    
7871    40625.000000    
7881    41406.250000    
7891    41406.250000    
7901    41562.500000    
7911    41562.500000    
7921    41718.750000    
7931    42500.000000    
7941    41718.750000    
7951    41562.500000    
7961    42187.500000    
7971    42031.250000    
7981    42031.250000    
7991    42187.500000    
8001    42031.250000    
8011    42500.000000    
8021    42343.750000    
8031    42343.750000    
8041    43281.250000    
8051    43281.250000    
8061    42968.750000    
8071    43750.000000    
8081    43593.750000    
8091    43593.750000    
8101    43593.750000    
8111    43593.750000    
8121    44218.750000    
8131    43906.250000    
8141    43906.250000    
8151    44218.750000    
8161    43750.000000    
8171    44843.750000    
8181    44843.750000    
8191    44218.750000    
8201    44843.750000    
8211    45468.750000    
8221    44687.500000    
8231    44531.250000    
8241    44843.750000    
8251    45468.750000    
8261    45312.500000    
8271    45000.000000    
8281    46093.750000    
8291    45468.750000    
8301    46562.500000    
8311    48593.750000    
8321    46562.500000    
8331    46562.500000    
8341    45625.000000    
8351    46093.750000    
8361    46250.000000    
8371    46406.250000    
8381    46406.250000    
8391    46562.500000    
8401    46718.750000    
8411    46875.000000    
8421    46875.000000    
8431    47500.000000    
8441    47343.750000    
8451    47187.500000    
8461    47343.750000    
8471    47968.750000    
8481    47968.750000    
8491    48437.500000    
8501    48281.250000    
8511    48125.000000    
8521    48125.000000    
8531    48593.750000    
8541    48750.000000    
8551    48281.250000    
8561    48437.500000    
8571    48593.750000    
8581    48750.000000    
8591    49062.500000    
8601    48437.500000    
8611    49531.250000    
8621    49218.750000    
8631    49531.250000    
8641    49687.500000    
8651    50156.250000    
8661    49843.750000    
8671    49843.750000    
8681    50000.000000    
8691    50000.000000    
8701    50156.250000    
8711    50468.750000    
8721    50781.250000    
8731    51250.000000    
8741    50312.500000    
8751    50625.000000    
8761    50937.500000    
8771    50937.500000    
8781    50937.500000    
8791    51562.500000    
8801    50937.500000    
8811    51250.000000    
8821    52031.250000    
8831    52812.500000    
8841    52656.250000    
8851    51718.750000    
8861    52500.000000    
8871    52187.500000    
8881    52500.000000    
8891    52187.500000    
8901    52812.500000    
8911    52500.000000    
8921    52968.750000    
8931    53125.000000    
8941    53125.000000    
8951    53125.000000    
8961    52968.750000    
8971    52968.750000    
8981    53125.000000    
8991    53593.750000    
9001    53750.000000    
9011    53125.000000    
9021    54062.500000    
9031    54375.000000    
9041    54218.750000    
9051    55156.250000    
9061    54062.500000    
9071    54531.250000    
9081    54531.250000    
9091    54687.500000    
9101    54531.250000    
9111    54843.750000    
9121    55312.500000    
9131    54843.750000    
9141    55781.250000    
9151    55937.500000    
9161    56093.750000    
9171    55937.500000    
9181    56875.000000    
9191    55625.000000    
9201    55937.500000    
9211    56093.750000    
9221    56250.000000    
9231    55937.500000    
9241    56250.000000    
9251    56875.000000    
9261    56406.250000    
9271    58125.000000    
9281    57343.750000    
9291    57968.750000    
9301    57968.750000    
9311    57343.750000    
9321    57343.750000    
9331    57031.250000    
9341    58125.000000    
9351    57656.250000    
9361    57968.750000    
9371    59218.750000    
9381    58125.000000    
9391    58750.000000    
9401    58593.750000    
9411    58437.500000    
9421    59531.250000    
9431    59375.000000    
9441    59062.500000    
9451    59843.750000    
9461    59375.000000    
9471    60468.750000    
9481    60312.500000    
9491    60781.250000    
9501    60000.000000    
9511    59531.250000    
9521    60312.500000    
9531    62343.750000    
9541    62812.500000    
9551    64843.750000    
9561    61406.250000    
9571    63593.750000    
9581    62343.750000    
9591    63906.250000    
9601    63593.750000    
9611    63750.000000    
9621    61875.000000    
9631    63593.750000    
9641    64531.250000    
9651    63281.250000    
9661    63437.500000    
9671    62187.500000    
9681    62343.750000    
9691    61875.000000    
9701    62031.250000    
9711    62500.000000    
9721    62500.000000    
9731    62812.500000    
9741    62812.500000    
9751    62968.750000    
9761    62968.750000    
9771    62968.750000    
9781    63750.000000    
9791    63125.000000    
9801    62812.500000    
9811    63281.250000    
9821    63281.250000    
9831    64218.750000    
9841    63750.000000    
9851    64843.750000    
9861    64375.000000    
9871    65468.750000    
9881    64218.750000    
9891    65312.500000    
9901    65156.250000    
9911    64687.500000    
9921    66406.250000    
9931    65312.500000    
9941    65937.500000    
9951    71562.500000    
9961    75312.500000    
9971    66562.500000    
9981    66250.000000    
9991    66406.250000    
