1    0.000000    0.000000    0   0
2    0.000000    1.000000    1   1
3    0.000000    2.000000    2   2
4    0.000000    2.000000    2   2
5    0.000000    3.000000    3   3
6    0.000000    3.000000    3   3
7    1.562500    3.000000    3   3
8    0.000000    3.000000    3   3
9    1.562500    4.000000    4   4
10    1.562500    4.000000    4   4
11    1.562500    4.000000    4   4
12    1.562500    4.000000    4   4
13    1.562500    4.000000    4   4
14    1.562500    4.000000    4   4
15    3.125000    4.000000    4   4
16    3.125000    4.000000    4   4
17    3.125000    5.000000    5   5
18    3.125000    5.000000    5   5
19    3.125000    5.000000    5   5
20    3.125000    5.000000    5   5
