1    0.000000    0.000000    0   0
2    0.000000    1.000000    1   1
3    0.000000    1.660700    2   1
4    0.000000    2.336500    3   2
5    0.000000    2.794900    4   2
6    0.000000    3.263700    5   2
7    0.000000    3.675600    6   2
8    0.000000    4.008900    7   3
9    0.000000    4.343500    8   3
10    1.562500    4.645000    9   3
11    1.562500    4.896400    9   3
12    0.000000    5.152800    10   3
13    0.000000    5.408100    10   3
14    1.562500    5.637100    11   3
15    1.562500    5.830000    11   4
16    1.562500    6.022500    11   4
17    1.562500    6.219100    11   4
18    1.562500    6.407800    12   4
19    1.562500    6.550600    13   4
20    1.562500    6.736400    12   4
