1    0.000000    0.000000    0   0
2    0.000000    1.000000    1   1
3    0.000000    1.000000    1   1
4    0.000000    2.000000    2   2
5    0.000000    2.399300    3   2
6    1.562500    2.929200    4   2
7    0.000000    3.343900    5   2
8    1.562500    3.706200    6   3
9    0.000000    4.020400    7   3
10    0.000000    4.335100    8   3
11    1.562500    4.625500    8   3
12    1.562500    4.881200    9   3
13    1.562500    5.114300    9   3
14    1.562500    5.342700    10   4
15    0.000000    5.541600    11   4
16    1.562500    5.751500    11   4
17    1.562500    5.951000    11   4
18    3.125000    6.119900    11   4
19    1.562500    6.298300    12   4
20    1.562500    6.477800    12   4
