1    0.000000    0.000000    0   0
11    0.468750    26.285770    29   18
21    1.250000    68.129360    74   55
31    1.875000    116.487160    124   99
41    2.812500    170.711890    182   153
51    3.437500    227.736830    241   207
61    4.843750    287.077570    301   265
71    5.156250    349.986630    367   322
81    5.937500    414.920590    433   390
91    7.031250    481.128850    504   454
101    7.812500    548.725870    570   519
111    8.906250    617.553800    642   587
121    9.843750    687.196780    709   653
131    10.781250    758.404280    782   727
141    11.718750    832.594450    859   799
151    12.656250    907.224640    936   873
161    13.437500    982.232430    1009   948
171    14.375000    1058.306570    1087   1020
181    15.156250    1134.650330    1166   1096
191    16.093750    1211.253090    1245   1169
201    16.875000    1289.629860    1323   1251
211    17.968750    1368.299690    1402   1327
221    19.062500    1447.202810    1480   1407
231    20.000000    1526.664640    1560   1486
241    21.406250    1606.422660    1641   1569
251    22.343750    1686.348880    1720   1643
261    22.968750    1768.341130    1802   1724
271    23.906250    1852.447790    1890   1800
281    25.156250    1936.697660    1972   1885
291    26.406250    2021.169630    2061   1972
301    27.343750    2105.996870    2145   2061
311    28.437500    2190.835910    2229   2140
321    28.906250    2275.970900    2324   2222
331    30.156250    2361.959280    2404   2306
341    31.562500    2447.991350    2490   2396
351    32.343750    2534.188150    2579   2482
361    33.281250    2620.661490    2669   2569
371    33.906250    2707.197670    2754   2656
381    34.687500    2793.914920    2843   2738
391    35.937500    2881.813020    2929   2828
401    37.343750    2970.346410    3016   2910
411    38.125000    3059.006640    3107   3002
421    39.218750    3147.728370    3193   3091
431    40.156250    3236.582750    3287   3177
441    40.937500    3325.653440    3374   3272
451    42.031250    3414.785090    3467   3356
461    43.750000    3504.363160    3553   3446
471    44.687500    3594.097410    3643   3528
481    45.312500    3683.841360    3733   3627
491    46.875000    3773.697130    3823   3710
501    47.031250    3863.758370    3924   3807
511    48.906250    3953.702450    4005   3895
521    49.531250    4047.243310    4095   3988
531    51.093750    4141.355840    4189   4078
541    51.718750    4235.496520    4286   4169
551    53.593750    4329.732510    4384   4269
561    54.843750    4423.930790    4481   4356
571    55.625000    4518.242210    4575   4457
581    56.250000    4612.666030    4673   4546
591    57.812500    4707.569260    4763   4643
601    59.062500    4802.430000    4863   4733
611    60.000000    4897.259140    4966   4821
621    62.500000    4992.243970    5051   4929
631    61.406250    5087.194160    5147   5015
641    62.187500    5182.270050    5242   5114
651    64.218750    5278.196620    5339   5209
661    65.625000    5374.213240    5436   5294
671    66.406250    5470.283100    5533   5403
681    67.656250    5566.476080    5625   5495
691    68.750000    5662.573890    5721   5592
701    70.156250    5758.759730    5830   5691
711    70.468750    5855.203370    5916   5786
721    71.718750    5951.680370    6018   5868
731    72.343750    6048.219230    6111   5969
741    75.468750    6144.784090    6210   6062
751    74.375000    6241.493110    6309   6170
761    75.156250    6338.044630    6403   6255
771    76.250000    6435.302310    6502   6355
781    77.343750    6533.697970    6604   6457
791    78.750000    6632.266560    6705   6554
801    80.000000    6730.867120    6798   6655
811    81.406250    6829.329430    6897   6752
821    82.031250    6928.082780    6996   6851
831    83.437500    7026.729510    7092   6951
841    84.531250    7125.528790    7196   7053
851    85.625000    7224.474210    7298   7152
861    86.718750    7323.391840    7394   7245
871    87.656250    7422.352300    7495   7344
881    88.750000    7521.254830    7598   7441
891    89.218750    7620.332820    7691   7542
901    90.156250    7719.573270    7792   7637
911    92.031250    7819.166530    7889   7736
921    93.281250    7918.681240    7996   7841
931    94.843750    8018.384100    8094   7933
941    95.625000    8118.118020    8187   8035
951    97.031250    8217.897350    8285   8142
961    97.812500    8317.554760    8394   8239
971    99.062500    8417.472560    8488   8338
981    100.781250    8517.371410    8591   8442
991    101.875000    8617.358930    8692   8536
