1    0.000000    0.000000    0   0
2    0.031250    3.499424    4   3
3    0.046875    4.666548    5   4
4    0.062500    9.166591    10   8
5    0.093750    12.267816    15   10
6    0.125000    16.232419    18   14
7    0.156250    20.359543    24   16
8    0.187500    24.708278    29   21
9    0.234375    29.236704    35   24
10    0.265625    33.943832    41   29
11    0.312500    38.801088    48   32
12    0.328125    43.804401    55   37
13    0.390625    48.936329    63   40
14    0.421875    54.199548    71   45
15    0.484375    59.570872    79   48
16    0.515625    65.051595    87   54
17    0.546875    70.634572    95   59
18    0.609375    76.306177    103   64
19    0.656250    82.069615    115   69
20    0.687500    87.925294    123   74
21    0.734375    93.862606    131   79
22    0.765625    99.872519    141   85
23    0.812500    105.965899    149   91
24    0.859375    112.102034    158   96
25    0.890625    118.336049    170   100
26    0.953125    124.622554    175   107
27    0.984375    130.974128    186   111
28    1.046875    137.394373    202   117
29    1.062500    143.873090    216   124
30    1.125000    150.397063    212   128
31    1.171875    156.978477    231   135
32    1.218750    163.633992    231   141
33    1.250000    170.325261    236   147
34    1.343750    177.050027    257   153
35    1.328125    183.826940    263   158
36    1.406250    190.687783    283   166
37    1.468750    197.575414    283   171
38    1.500000    204.527858    302   178
39    1.546875    211.490864    301   185
40    1.609375    218.506383    309   191
41    1.640625    225.608401    325   197
42    1.703125    232.695845    325   204
43    1.812500    239.840476    361   211
44    1.843750    247.017958    363   218
45    1.843750    254.239939    360   223
46    1.921875    261.474142    377   229
47    1.953125    268.776598    385   236
48    2.062500    276.094825    382   242
49    2.046875    283.475336    411   249
50    2.078125    290.849011    420   256
51    2.140625    298.277945    434   262
52    2.218750    305.729814    434   269
53    2.234375    313.219563    433   277
54    2.265625    320.755059    457   283
55    2.375000    328.288790    456   289
56    2.453125    335.882985    484   298
57    2.484375    343.497032    483   302
58    2.531250    351.163402    500   311
59    2.562500    358.841820    515   318
60    2.625000    366.526868    521   325
61    2.656250    374.270078    549   333
62    2.750000    382.027432    540   340
63    2.843750    389.743864    539   343
64    2.921875    397.585159    564   350
65    2.921875    405.473183    565   359
66    2.968750    413.323872    593   368
67    3.046875    421.207393    588   374
68    3.078125    429.169693    597   382
69    3.171875    437.063008    624   384
70    3.234375    445.029814    615   394
71    3.234375    453.069744    648   405
72    3.281250    461.075146    654   411
73    3.359375    469.087359    668   419
74    3.500000    477.161647    666   423
75    3.437500    485.281398    674   429
76    3.562500    493.388547    677   441
77    3.656250    501.523269    712   449
78    3.656250    509.625757    745   454
79    3.671875    517.853597    716   463
80    3.671875    526.056863    743   467
81    3.734375    534.211153    774   476
82    3.781250    542.467649    775   486
83    3.859375    550.770764    777   493
84    3.890625    559.058621    798   500
85    3.921875    567.344138    794   506
86    3.984375    575.594933    819   515
87    4.062500    583.997044    810   522
88    4.078125    592.363806    863   532
89    4.171875    600.697686    822   539
90    4.234375    609.122413    862   545
91    4.281250    617.557400    879   553
92    4.328125    625.978764    888   563
93    4.390625    634.452908    865   569
94    4.421875    642.903811    901   578
95    4.468750    651.399499    897   585
96    4.578125    659.920555    931   591
97    4.578125    668.425582    932   597
98    4.640625    676.975775    935   605
99    4.671875    685.506001    928   615
100    4.781250    694.076920    952   617
