1    0.000000    0.000000    0   0
11    0.312500    28.477480    55   22
21    0.781250    76.371850    147   58
31    1.093750    133.841350    243   103
41    1.718750    197.576870    346   151
51    2.031250    265.840310    464   208
61    2.656250    338.398150    586   263
71    3.125000    413.934150    677   323
81    3.593750    492.237120    811   385
91    4.218750    573.318420    927   457
101    4.531250    656.320850    1134   523
111    5.000000    740.896810    1183   588
121    5.937500    828.326320    1450   665
131    6.250000    916.705910    1687   734
141    6.875000    1006.158720    1635   804
151    7.500000    1097.676690    1802   879
161    7.656250    1190.754050    1847   967
171    8.281250    1284.218330    2081   1033
181    9.375000    1380.072850    2202   1104
191    10.000000    1476.131100    2240   1195
201    10.312500    1573.403760    2491   1276
211    11.250000    1670.659870    2580   1366
221    12.187500    1771.003130    2743   1421
231    12.968750    1870.178010    2839   1519
241    13.125000    1971.152870    2991   1633
251    13.593750    2072.900510    3106   1711
261    14.062500    2175.303120    3427   1789
271    14.843750    2278.249610    3474   1880
281    15.937500    2382.454630    3676   1966
291    16.250000    2485.443950    3761   2061
301    17.031250    2593.391690    3839   2149
311    17.500000    2699.198700    3990   2235
321    17.968750    2805.871150    4365   2332
331    18.750000    2912.400860    4238   2415
341    19.687500    3021.446850    4770   2474
351    20.000000    3128.400110    4994   2587
361    20.625000    3238.426540    5120   2682
371    21.718750    3349.299470    4951   2724
381    22.343750    3459.042240    5239   2895
391    22.812500    3569.812730    5473   2981
401    24.062500    3678.888620    5454   3056
411    24.218750    3791.503090    5773   3182
421    23.906250    3904.609690    6028   3297
431    25.625000    4016.990610    5696   3354
441    27.031250    4130.052300    5875   3445
451    26.718750    4243.669800    6381   3571
461    27.656250    4355.515880    6731   3672
471    28.437500    4472.105570    6502   3763
481    29.375000    4587.207200    6778   3837
491    30.625000    4702.190080    7153   3935
501    30.937500    4820.070190    7051   4053
511    32.031250    4934.059760    7186   4160
521    31.875000    5050.872800    7566   4269
531    32.968750    5167.241960    7636   4355
541    34.687500    5284.802890    7636   4430
551    35.000000    5402.027520    7829   4487
561    35.468750    5519.769490    8100   4658
571    35.937500    5639.211320    7936   4780
581    36.093750    5756.942450    8247   4809
591    36.562500    5876.080340    8238   4986
601    37.187500    5997.350440    8606   5047
611    37.656250    6115.746730    8667   5152
621    38.281250    6234.901120    8849   5263
631    38.750000    6354.367410    9153   5342
641    39.218750    6477.668810    9765   5471
651    40.312500    6597.745810    9542   5590
661    41.250000    6718.426160    9685   5722
671    43.281250    6838.667480    9833   5793
681    44.375000    6963.947650    10256   5880
691    43.750000    7086.270630    10822   6004
701    44.843750    7207.292920    10378   6088
711    45.625000    7330.457880    10336   6159
721    45.937500    7452.599670    10817   6349
731    47.187500    7576.473580    10673   6347
741    48.437500    7698.360370    11048   6524
751    48.437500    7825.197140    11128   6644
761    49.687500    7948.039660    12128   6753
771    49.531250    8072.784570    11703   6841
781    51.250000    8200.325680    11874   6950
791    51.250000    8321.010610    11888   7074
801    52.031250    8445.593460    12019   7165
811    52.656250    8572.394570    12547   7312
821    54.531250    8697.245080    12443   7397
831    54.687500    8825.342760    12119   7462
841    56.250000    8947.113360    12575   7634
851    56.093750    9072.641140    13613   7700
861    56.562500    9204.033240    13755   7839
871    56.875000    9330.321240    12897   7967
881    58.437500    9456.514350    13192   7947
891    60.781250    9586.239220    13516   8180
901    60.625000    9710.112280    13894   8274
911    60.468750    9841.305130    14102   8388
921    61.875000    9967.433850    13981   8488
931    62.812500    10095.841080    14111   8548
941    63.437500    10223.595750    14830   8777
951    64.062500    10353.598230    14605   8810
961    65.937500    10477.985500    14521   8991
971    65.625000    10609.472160    15173   9084
981    66.406250    10737.994470    14767   9135
991    67.500000    10871.741260    15102   9375
