1    0.000000    0.000000    0   0
101    0.000000    702.960000    787   650
201    0.000000    1625.160000    1782   1516
301    0.000000    2641.380000    2935   2478
401    0.000000    3714.880000    4105   3459
501    0.000000    4838.360000    5306   4522
601    0.000000    5997.580000    6928   5685
701    0.000000    7143.550000    7730   6747
801    0.000000    8423.430000    9376   7873
901    156.250000    9678.930000    10986   8978
1001    0.000000    10831.230000    11696   10254
1101    156.250000    12110.530000    13566   11478
1201    156.250000    13384.380000    14842   12591
1301    0.000000    14658.260000    16200   13834
1401    156.250000    15891.400000    17079   15108
1501    156.250000    17180.330000    19634   16394
1601    156.250000    18533.300000    19937   17730
1701    156.250000    19907.720000    21603   18912
1801    156.250000    21238.770000    22670   20365
1901    156.250000    22601.780000    24192   21550
2001    156.250000    24088.860000    25714   22840
2101    156.250000    25225.110000    26970   24180
2201    156.250000    26839.190000    30995   25498
2301    156.250000    28305.680000    31393   26903
2401    312.500000    29650.670000    33342   28387
2501    156.250000    30960.400000    34370   29156
2601    156.250000    32314.440000    34286   31004
2701    312.500000    33691.860000    36709   32207
2801    156.250000    35201.540000    37578   33699
2901    156.250000    36754.560000    40359   34736
3001    156.250000    38193.460000    42749   36412
3101    312.500000    39511.290000    43433   37459
3201    312.500000    40876.160000    43993   39486
3301    156.250000    42432.780000    46489   40542
3401    156.250000    43700.860000    47872   41957
3501    156.250000    45154.840000    49076   43311
3601    156.250000    46831.580000    51585   44746
3701    312.500000    48220.770000    51883   45961
3801    312.500000    50070.320000    53439   47786
3901    312.500000    51338.680000    54721   48632
4001    312.500000    52874.600000    56450   50736
4101    312.500000    54168.820000    59316   51835
4201    312.500000    55801.550000    60360   53528
4301    312.500000    57422.420000    65116   54755
4401    312.500000    58680.600000    62206   56064
4501    312.500000    60048.070000    63275   57848
4601    468.750000    61617.930000    65473   59085
4701    156.250000    63433.370000    68791   60379
4801    468.750000    64904.320000    71713   61721
4901    468.750000    66308.060000    71131   63455
5001    312.500000    67777.520000    73720   65121
5101    468.750000    69161.660000    75169   66426
5201    468.750000    71087.140000    76488   67885
5301    312.500000    72624.700000    77914   69546
5401    312.500000    74144.670000    81218   69857
5501    468.750000    75545.430000    83169   71965
5601    625.000000    76772.280000    82525   74017
5701    468.750000    78426.490000    86901   74830
5801    625.000000    80462.870000    89302   76447
5901    312.500000    81695.890000    90814   78102
6001    468.750000    83047.550000    89115   78994
6101    468.750000    84654.950000    91403   81721
6201    625.000000    86279.770000    92836   83210
6301    625.000000    87874.820000    95696   84184
6401    468.750000    89510.120000    95315   85738
6501    468.750000    91106.350000    101141   87491
6601    468.750000    92375.900000    98619   88591
6701    625.000000    94899.120000    102683   90379
6801    468.750000    96031.030000    105309   91817
6901    468.750000    97268.930000    104953   92788
7001    468.750000    99105.940000    105130   94412
7101    625.000000    100681.170000    107853   95369
7201    625.000000    102221.720000    112092   98567
7301    781.250000    103637.000000    109703   99447
7401    781.250000    105554.100000    115510   100698
7501    625.000000    107019.660000    116274   102830
7601    625.000000    108132.580000    114875   104944
7701    625.000000    109689.340000    118955   104693
7801    781.250000    111618.110000    121480   106947
7901    781.250000    113700.940000    123209   108693
8001    781.250000    114923.780000    126321   109774
8101    781.250000    116464.640000    125222   111531
8201    781.250000    117594.340000    127062   113555
8301    781.250000    119508.870000    127741   114375
8401    625.000000    121432.530000    128533   116574
8501    468.750000    123438.160000    134547   117679
8601    781.250000    124143.190000    136638   119683
8701    781.250000    126202.030000    135499   121818
8801    625.000000    127514.070000    134986   122118
8901    781.250000    129631.940000    137536   124384
9001    781.250000    131385.590000    138657   126042
9101    781.250000    132712.510000    142919   127385
9201    781.250000    135007.400000    145866   128097
9301    937.500000    135948.370000    145612   130611
9401    781.250000    137990.990000    147944   133207
9501    781.250000    139423.080000    155268   133796
9601    1093.750000    141046.620000    151160   135538
9701    781.250000    143096.570000    151496   137205
9801    781.250000    144588.590000    153007   138357
9901    937.500000    145700.140000    160949   140191
