1    0.020000    0.000000    0   0
101    4.600000    647.420000    818   543
201    10.320000    1570.270000    1901   1338
301    16.620000    2584.960000    3082   2338
401    22.890000    3694.980000    4370   3231
501    29.290000    4771.110000    5546   4314
601    37.090000    6054.200000    7313   5236
701    43.820000    7264.110000    8634   6448
801    50.750000    8424.560000    9703   7703
901    57.130000    9766.930000    11793   8717
1001    64.660000    10946.560000    12686   9804
1101    74.110000    12397.370000    14554   11003
1201    79.720000    13516.960000    15716   12127
1301    88.750000    14949.980000    17311   13335
1401    94.830000    16207.880000    18676   14852
1501    103.220000    17831.520000    20137   16126
1601    110.820000    19164.850000    21788   17480
1701    121.170000    20582.180000    24268   18703
1801    126.110000    21821.080000    25618   19924
1901    136.040000    23283.630000    27421   21231
2001    145.830000    24879.870000    28023   22307
2101    151.870000    26459.520000    33843   24063
2201    157.610000    27588.750000    32549   24688
2301    164.810000    29207.780000    32789   26328
2401    173.620000    30529.910000    36815   27813
2501    185.100000    32094.190000    36587   28739
2601    191.710000    33383.450000    40594   29974
2701    198.080000    35059.120000    41550   31625
2801    210.930000    36304.860000    42272   33438
2901    214.300000    38185.880000    45186   34759
3001    221.280000    39637.830000    46173   35816
3101    229.630000    41483.890000    49696   37626
3201    239.380000    42395.960000    48260   38893
3301    246.770000    44493.620000    50327   40290
3401    252.260000    45237.160000    52537   40494
3501    260.950000    47295.940000    53172   43226
3601    269.110000    48672.440000    55731   44253
3701    282.160000    50456.750000    59858   46631
3801    293.140000    51753.250000    57493   47479
3901    300.210000    53810.840000    70903   48755
4001    312.210000    54938.090000    62713   49415
4101    322.390000    56611.800000    62972   51717
4201    322.930000    57833.870000    64265   53241
4301    334.840000    59977.510000    68093   54421
4401    338.120000    61059.270000    70137   56179
4501    346.800000    63217.420000    73066   57651
4601    353.550000    64421.940000    73845   59824
4701    377.410000    65930.600000    74021   60985
4801    369.340000    67731.780000    77548   60807
4901    392.170000    69286.130000    78083   64199
5001    388.550000    70830.180000    79401   66242
5101    394.670000    72417.960000    83621   66448
5201    401.940000    73855.320000    82966   68260
5301    419.700000    75924.260000    87139   69131
5401    420.220000    77376.440000    92834   70023
5501    431.410000    79569.150000    93900   72303
5601    439.230000    80985.320000    93987   74582
5701    445.400000    82469.270000    90786   75547
5801    455.450000    83574.570000    97359   77631
5901    464.970000    85540.900000    95507   78500
6001    473.660000    87283.570000    97500   80705
6101    484.070000    89588.780000    106121   81719
6201    496.350000    91550.570000    104245   83844
6301    501.150000    92529.310000    104567   84415
6401    514.090000    93604.420000    106377   86396
6501    520.690000    96708.020000    110334   86613
6601    530.170000    97282.820000    112675   88149
6701    537.620000    99642.840000    115392   92298
6801    543.090000    100166.810000    118211   94079
6901    552.650000    101578.120000    115570   94983
7001    563.580000    103690.470000    118992   94514
7101    572.960000    106271.030000    117239   96312
7201    578.330000    107486.370000    120689   98480
7301    593.610000    109392.210000    125173   99577
7401    597.710000    110889.130000    127908   101831
7501    605.650000    111327.030000    121447   103823
7601    617.900000    114363.780000    131193   105424
7701    626.930000    115370.700000    132791   106543
7801    634.540000    117445.860000    140154   108721
7901    642.790000    118767.130000    136316   109784
8001    651.290000    120740.970000    133984   110053
8101    662.200000    122434.420000    134806   110891
8201    668.610000    124508.220000    146843   115597
8301    678.910000    127090.770000    147367   117017
8401    686.440000    127313.870000    142859   117111
8501    699.000000    129668.460000    141779   119647
8601    727.770000    132213.460000    146495   121943
8701    722.260000    133261.490000    150411   121723
8801    740.510000    135618.000000    153999   125941
8901    738.240000    136700.510000    154655   127437
9001    742.490000    138563.230000    153611   128241
9101    748.720000    139056.860000    155558   127812
9201    760.840000    141749.100000    159680   131653
9301    768.020000    143430.330000    161172   133082
9401    779.280000    146282.680000    168837   135132
9501    789.840000    148145.700000    173052   135369
9601    795.010000    148916.900000    167360   138912
9701    805.190000    150949.970000    171917   136779
9801    816.850000    154471.070000    183441   139467
9901    825.750000    153885.700000    174911   142623
